000000000000000000000000000000000000000000000000000000000000000000000000000000000000000000000000000
000000000000000000000000000000000000000000000000000000000000000000000000000000000000000000000000000
000000000000000000000000000000000000000000000000000000000000000000000000000000000000000000000000000
000000000000000000000000000000000000000000000000000000000000000000000000000000000000000000000000000
000000000000000000000000eddf00000000000000000000000edddgi000000000000000000000000000000000000000000
000000000000000000000000kjjl00000000000000000000000kjjl000000000hgi00000000000000000000000000000000
000000000000000000000000kjjl00000000000000000000000kjjl00000000000000000000000000000000000000000000
113000000000000000000000kjjl00000000000000000000000kjjl0000hgi0000000000000000000000000000000000000
777300000000000000000000kjjl00000000000000000000000kjjl00000000000000000000000000000000000000000000
777730000000000000000000kjjl00000000000000000000000kjjl000000000000hgi000000000000hgi00000000000000
777773000000000000000000kjjl00000000000000000000000kjjl00000000000000000000000000000000000000000000
777777300000000000000000kjjjdddddddddddddddddddddddjjjl000000000000000000hgi000000000000hgi00000000
777777730000000000000000kjjjjjjjjjjjjjjjjjjjjjjjjjjjjjl00000000000000000000000000000000000000000211
777777773000000000000000hoooooooooooooooooooooooooooooi00000000000000000000000000000000000000002777
777777777300000000000000000000000000000000000000000000000000000000000000000000000000000000000027777
777777777730000000000000000000000000000000000000000000000000000000000000000000000000000000000277777
777777777773000000000000000000000000000000000000000000000000000000000000000000000000000000002777777
777777777777300000000000000000000000000000000000000000000000000000000000000000000000000000027777777
777777777777730000000000000000000000000000000000000000000000000000000000000000000000000000277777777
777777777777773000000000000000000000000000000000000000000000000000000000000000000000000002777777777
777777777777777300000000000000000000000000000000000000000000000000000000000000000000000027777777777
777777777777777730000000000000000000000000000000000000000000000000000000000000000000000277777777777
777777777777777773000000000000000000000000000000000000000000000000000000000000000000002777777777777
777777777777777777300000000000000000000000000000000000000000000000000000000000000000027777777777777
777777777777777777730000000000000000000000000000000000000000000000000000000000000000277777777777777
777777777777777777773000000000000000000000000000000000000000000000000000000000000002777777777777777
777777777777777777777300000000000000000000000000000000000000000000000000000000000027777777777777777
777777777777777777777730000000000000000000000000000000000000000000000000000000000277777777777777777
777777777777777777777773000000000000000000000000000000000000000000000000000000021777777777777777777
777777777777777777777777300000000000000000000000000000000000000000000000000002177777777777777777777
777777777777777777777777730000000000000000000000000000000000000000000000000217777777777777777777777
777777777777777777777777773000000000000000000000000000000000000000000000021777777777777777777777777
777777777777777777777777777300000000000000000000000000000000000000000021177777777777777777777777777
777777777777777777777777777730000000000000000000000000000000000000021177777777777777777777777777777
777777777777777777777777777773000000000000000000000000000000000021177777777777777777777777777777777
777777777777777777777777777777300000000000000000000000000000021177777777777777777777777777777777777
777777777777777777777777777777730000000000000000000000000021177777777777777777777777777777777777777
777777777777777777777777777777773000000000000000000000021177777777777777777777777777777777777777777
777777777777777777777777777777777300000000000000000021177777777777777777777777777777777777777777777
777777777777777777777777777777777730000000000000021177777777777777777777777777777777777777777777777
7777777777777777777777777777777777730uttttttttv0277777777777777777777777777777777777777777777777777
777777777777777777777777777777777777300000000002777777777777777777777777777777777777777777777777777
777777777777777777777777777777777777900000000008777777777777777777777777777777777777777777777777777
777777777777777777777777777777777777900000000008777777777777777777777777777777777777777777777777777
777777777777777777777777777777777777900000000008777777777777777777777777777777777777777777777777777
777777777777777777777777777777777777900000000008777777777777777777777777777777777777777777777777777
777777777777777777777777777777777777900000000008777777777777777777777777777777777777777777777777777
777777777777777777777777777777777777900000000008777777777777777777777777777777777777777777777777777
777777777777777777777777777777777777900000000008777777777777777777777777777777777777777777777777777
777777777777777777777777777777777777900000000008777777777777777777777777777777777777777777777777777
